0.010, 0.0000, 99.9581
0.020, 0.0000, -99.9859
0.030, 0.0000, 99.9579
0.040, 0.0000, -99.9859
0.050, 0.0000, 99.9577
0.060, 0.0000, -99.9856
0.070, 0.0000, 99.9574
0.080, 0.0000, -99.9855
0.090, 0.0000, 99.9573
0.100, 0.0000, -99.9855
0.110, 0.0000, 99.9571
0.120, 0.0000, -99.9853
0.130, 0.0000, 99.9570
0.140, 0.0000, -99.9850
0.150, 0.0000, 99.9568
0.160, 0.0000, -99.9851
0.170, 0.0000, 99.9567
0.180, 0.0000, -99.9849
0.190, 0.0000, 99.9565
0.200, 0.0000, -99.9848
0.210, 0.0000, 99.9564
0.220, 0.0000, -99.9847
0.230, 0.0000, 99.9562
0.240, 0.0000, -99.9847
0.250, 0.0000, 99.9560
0.260, 0.0000, -99.9846
0.270, 0.0000, 99.9558
0.280, 0.0000, -99.9845
0.290, 0.0000, 99.9555
0.300, 0.0000, -99.9843
0.310, 0.0000, 99.9553
0.320, 0.0000, -99.9841
0.330, 0.0000, 99.9551
0.340, 0.0000, -99.9840
0.350, 0.0000, 99.9550
0.360, 0.0000, -99.9839
0.370, 0.0000, 99.9549
0.380, 0.0000, -99.9837
0.390, 0.0000, 99.9547
0.400, 0.0000, -99.9834
0.410, 0.0000, 99.9545
0.420, 0.0000, -99.9832
0.430, 0.0000, 99.9542
0.440, 0.0000, -99.9829
0.450, 0.0000, 99.9538
0.460, 0.0000, -99.9828
0.470, 0.0000, 99.9536
0.480, 0.0000, -99.9827
0.490, 0.0000, 99.9533
0.500, 0.0000, -99.9826
0.510, 0.0000, 99.9531
0.520, 0.0000, -99.9825
0.530, 0.0000, 99.9529
0.540, 0.0000, -99.9826
0.550, 0.0000, 99.9527
0.560, 0.0000, -99.9825
0.570, 0.0000, 99.9525
0.580, 0.0000, -99.9824
0.590, 0.0000, 99.9523
0.600, 0.0000, -99.9823
0.610, 0.0000, 99.9521
0.620, 0.0000, -99.9824
0.630, 0.0000, 99.9519
0.640, 0.0000, -99.9822
0.650, 0.0000, 99.9516
0.660, 0.0000, -99.9823
0.670, 0.0000, 99.9515
0.680, 0.0000, -99.9823
0.690, 0.0000, 99.9514
0.700, 0.0000, -99.9821
0.710, 0.0000, 99.9512
0.720, 0.0000, -99.9820
0.730, 0.0000, 99.9509
0.740, 0.0000, -99.9819
0.750, 0.0000, 99.9506
0.760, 0.0000, -99.9818
0.770, 0.0000, 99.9503
0.780, 0.0000, -99.9818
0.790, 0.0000, 99.9501
0.800, 0.0000, -99.9816
0.810, 0.0000, 99.9499
0.820, 0.0000, -99.9815
0.830, 0.0000, 99.9497
0.840, 0.0000, -99.9814
0.850, 0.0000, 99.9495
0.860, 0.0000, -99.9813
0.870, 0.0000, 99.9493
0.880, 0.0000, -99.9813
0.890, 0.0000, 99.9491
0.900, 0.0000, -99.9813
0.910, 0.0000, 99.9488
0.920, 0.0000, -99.9812
0.930, 0.0000, 99.9487
0.940, 0.0000, -99.9812
0.950, 0.0000, 99.9485
0.960, 0.0000, -99.9812
0.970, 0.0000, 99.9484
0.980, 0.0000, -99.9811
0.990, 0.0000, 99.9483
1.000, 0.0000, -99.9810
1.010, 0.5000, 99.9726
1.020, 0.5000, -99.9561
1.030, 0.5000, 99.9672
1.040, 0.5000, -99.9629
1.050, 0.5000, 99.9646
1.060, 0.5000, -99.9656
1.070, 0.5000, 99.9622
1.080, 0.5000, -99.9666
1.090, 0.5000, 99.9606
1.100, 0.5000, -99.9676
1.110, 0.5000, 99.9594
1.120, 0.5000, -99.9681
1.130, 0.5000, 99.9585
1.140, 0.5000, -99.9692
1.150, 0.5000, 99.9579
1.160, 0.5000, -99.9700
1.170, 0.5000, 99.9573
1.180, 0.5000, -99.9707
1.190, 0.5000, 99.9569
1.200, 0.5000, -99.9708
1.210, 0.5000, 99.9564
1.220, 0.5000, -99.9710
1.230, 0.5000, 99.9559
1.240, 0.5000, -99.9719
1.250, 0.5000, 99.9555
1.260, 0.5000, -99.9720
1.270, 0.5000, 99.9550
1.280, 0.5000, -99.9718
1.290, 0.5000, 99.9546
1.300, 0.5000, -99.9720
1.310, 0.5000, 99.9542
1.320, 0.5000, -99.9719
1.330, 0.5000, 99.9537
1.340, 0.5000, -99.9721
1.350, 0.5000, 99.9533
1.360, 0.5000, -99.9721
1.370, 0.5000, 99.9530
1.380, 0.5000, -99.9718
1.390, 0.5000, 99.9526
1.400, 0.5000, -99.9720
1.410, 0.5000, 99.9524
1.420, 0.5000, -99.9720
1.430, 0.5000, 99.9522
1.440, 0.5000, -99.9722
1.450, 0.5000, 99.9520
1.460, 0.5000, -99.9720
1.470, 0.5000, 99.9518
1.480, 0.5000, -99.9720
1.490, 0.5000, 99.9516
1.500, 0.5000, -99.9719
1.510, 0.5000, 99.9515
1.520, 0.5000, -99.9722
1.530, 0.5000, 99.9514
1.540, 0.5000, -99.9718
1.550, 0.5000, 99.9512
1.560, 0.5000, -99.9714
1.570, 0.5000, 99.9510
1.580, 0.5000, -99.9713
1.590, 0.5000, 99.9508
1.600, 0.5000, -99.9713
1.610, 0.5000, 99.9505
1.620, 0.5000, -99.9713
1.630, 0.5000, 99.9503
1.640, 0.5000, -99.9711
1.650, 0.5000, 99.9501
1.660, 0.5000, -99.9709
1.670, 0.5000, 99.9498
1.680, 0.5000, -99.9705
1.690, 0.5000, 99.9495
1.700, 0.5000, -99.9702
1.710, 0.5000, 99.9493
1.720, 0.5000, -99.9702
1.730, 0.5000, 99.9490
1.740, 0.5000, -99.9698
1.750, 0.5000, 99.9487
1.760, 0.5000, -99.9696
1.770, 0.5000, 99.9484
1.780, 0.5000, -99.9695
1.790, 0.5000, 99.9482
1.800, 0.5000, -99.9696
1.810, 0.5000, 99.9480
1.820, 0.5000, -99.9695
1.830, 0.5000, 99.9479
1.840, 0.5000, -99.9693
1.850, 0.5000, 99.9478
1.860, 0.5000, -99.9692
1.870, 0.5000, 99.9477
1.880, 0.5000, -99.9692
1.890, 0.5000, 99.9475
1.900, 0.5000, -99.9693
1.910, 0.5000, 99.9475
1.920, 0.5000, -99.9694
1.930, 0.5000, 99.9474
1.940, 0.5000, -99.9692
1.950, 0.5000, 99.9472
1.960, 0.5000, -99.9692
1.970, 0.5000, 99.9470
1.980, 0.5000, -99.9689
1.990, 0.5000, 99.9469
2.000, 0.5000, -99.9694
2.010, 0.5000, 99.9468
2.020, 0.5000, -99.9693
2.030, 0.5000, 99.9468
2.040, 0.5000, -99.9693
2.050, 0.5000, 99.9467
2.060, 0.5000, -99.9688
2.070, 0.5000, 99.9466
2.080, 0.5000, -99.9688
2.090, 0.5000, 99.9469
2.100, 0.5000, -99.9685
2.110, 0.5000, 99.9464
2.120, 0.5000, -99.9683
2.130, 0.5000, 99.9462
2.140, 0.5000, -99.9683
2.150, 0.5000, 99.9460
2.160, 0.5000, -99.9681
2.170, 0.5000, 99.9463
2.180, 0.5000, -99.9677
2.190, 0.5000, 99.9469
2.200, 0.5000, -99.9674
2.210, 0.5000, 99.9478
2.220, 0.5000, -99.9683
2.230, 0.5000, 99.9491
2.240, 0.5000, -99.9705
2.250, 0.5000, 99.9487
2.260, 0.5000, -99.9725
2.270, 0.5000, 99.9471
2.280, 0.5000, -99.9742
2.290, 0.5000, 99.9462
2.300, 0.5000, -99.9745
2.310, 0.5000, 99.9465
2.320, 0.5000, -99.9706
2.330, 0.5000, 99.9470
2.340, 0.5000, -99.9694
2.350, 0.5000, 99.9466
2.360, 0.5000, -99.9700
2.370, 0.5000, 99.9468
2.380, 0.5000, -99.9700
2.390, 0.5000, 99.9471
2.400, 0.5000, -99.9701
2.410, 0.5000, 99.9477
2.420, 0.5000, -99.9703
2.430, 0.5000, 99.9483
2.440, 0.5000, -99.9697
2.450, 0.5000, 99.9487
2.460, 0.5000, -99.9692
2.470, 0.5000, 99.9487
2.480, 0.5000, -99.9685
2.490, 0.5000, 99.9486
2.500, 0.5000, -99.9683
2.510, 0.5000, 99.9483
2.520, 0.5000, -99.9683
2.530, 0.5000, 99.9479
2.540, 0.5000, -99.9692
2.550, 0.5000, 99.9477
2.560, 0.5000, -99.9692
2.570, 0.5000, 99.9475
2.580, 0.5000, -99.9696
2.590, 0.5000, 99.9476
2.600, 0.5000, -99.9698
2.610, 0.5000, 99.9478
2.620, 0.5000, -99.9696
2.630, 0.5000, 99.9483
2.640, 0.5000, -99.9699
2.650, 0.5000, 99.9488
2.660, 0.5000, -99.9704
2.670, 0.5000, 99.9494
2.680, 0.5000, -99.9700
2.690, 0.5000, 99.9498
2.700, 0.5000, -99.9699
2.710, 0.5000, 99.9499
2.720, 0.5000, -99.9697
2.730, 0.5000, 99.9502
2.740, 0.5000, -99.9694
2.750, 0.5000, 99.9504
2.760, 0.5000, -99.9693
2.770, 0.5000, 99.9505
2.780, 0.5000, -99.9693
2.790, 0.5000, 99.9508
2.800, 0.5000, -99.9696
2.810, 0.5000, 99.9510
2.820, 0.5000, -99.9691
2.830, 0.5000, 99.9512
2.840, 0.5000, -99.9692
2.850, 0.5000, 99.9512
2.860, 0.5000, -99.9694
2.870, 0.5000, 99.9511
2.880, 0.5000, -99.9692
2.890, 0.5000, 99.9511
2.900, 0.5000, -99.9691
2.910, 0.5000, 99.9511
2.920, 0.5000, -99.9693
2.930, 0.5000, 99.9510
2.940, 0.5000, -99.9692
2.950, 0.5000, 99.9509
2.960, 0.5000, -99.9693
2.970, 0.5000, 99.9510
2.980, 0.5000, -99.9692
2.990, 0.5000, 99.9512
3.000, 0.5000, -99.9694
3.010, 0.5000, 99.9513
3.020, 0.5000, -99.9692
3.030, 0.5000, 99.9514
3.040, 0.5000, -99.9690
3.050, 0.5000, 99.9513
3.060, 0.5000, -99.9690
3.070, 0.5000, 99.9512
3.080, 0.5000, -99.9692
3.090, 0.5000, 99.9510
3.100, 0.5000, -99.9688
3.110, 0.5000, 99.9508
3.120, 0.5000, -99.9688
3.130, 0.5000, 99.9506
3.140, 0.5000, -99.9688
3.150, 0.5000, 99.9504
3.160, 0.5000, -99.9689
3.170, 0.5000, 99.9504
3.180, 0.5000, -99.9686
3.190, 0.5000, 99.9504
3.200, 0.5000, -99.9686
3.210, 0.5000, 99.9504
3.220, 0.5000, -99.9687
3.230, 0.5000, 99.9505
3.240, 0.5000, -99.9690
3.250, 0.5000, 99.9505
3.260, 0.5000, -99.9690
3.270, 0.5000, 99.9506
3.280, 0.5000, -99.9689
3.290, 0.5000, 99.9507
3.300, 0.5000, -99.9690
3.310, 0.5000, 99.9508
3.320, 0.5000, -99.9692
3.330, 0.5000, 99.9508
3.340, 0.5000, -99.9689
3.350, 0.5000, 99.9508
3.360, 0.5000, -99.9691
3.370, 0.5000, 99.9509
3.380, 0.5000, -99.9690
3.390, 0.5000, 99.9509
3.400, 0.5000, -99.9686
3.410, 0.5000, 99.9508
3.420, 0.5000, -99.9686
3.430, 0.5000, 99.9508
3.440, 0.5000, -99.9685
3.450, 0.5000, 99.9508
3.460, 0.5000, -99.9684
3.470, 0.5000, 99.9509
3.480, 0.5000, -99.9683
3.490, 0.5000, 99.9509
3.500, 0.5000, -99.9684
3.510, 0.5000, 99.9510
3.520, 0.5000, -99.9689
3.530, 0.5000, 99.9512
3.540, 0.5000, -99.9687
3.550, 0.5000, 99.9513
3.560, 0.5000, -99.9686
3.570, 0.5000, 99.9513
3.580, 0.5000, -99.9685
3.590, 0.5000, 99.9512
3.600, 0.5000, -99.9685
3.610, 0.5000, 99.9511
3.620, 0.5000, -99.9685
3.630, 0.5000, 99.9509
3.640, 0.5000, -99.9687
3.650, 0.5000, 99.9507
3.660, 0.5000, -99.9685
3.670, 0.5000, 99.9505
3.680, 0.5000, -99.9686
3.690, 0.5000, 99.9504
3.700, 0.5000, -99.9685
3.710, 0.5000, 99.9503
3.720, 0.5000, -99.9685
3.730, 0.5000, 99.9503
3.740, 0.5000, -99.9684
3.750, 0.5000, 99.9502
3.760, 0.5000, -99.9684
3.770, 0.5000, 99.9501
3.780, 0.5000, -99.9685
3.790, 0.5000, 99.9502
3.800, 0.5000, -99.9687
3.810, 0.5000, 99.9502
3.820, 0.5000, -99.9693
3.830, 0.5000, 99.9501
3.840, 0.5000, -99.9692
3.850, 0.5000, 99.9501
3.860, 0.5000, -99.9686
3.870, 0.5000, 99.9502
3.880, 0.5000, -99.9686
3.890, 0.5000, 99.9504
3.900, 0.5000, -99.9684
3.910, 0.5000, 99.9505
3.920, 0.5000, -99.9686
3.930, 0.5000, 99.9507
3.940, 0.5000, -99.9685
3.950, 0.5000, 99.9508
3.960, 0.5000, -99.9685
3.970, 0.5000, 99.9509
3.980, 0.5000, -99.9684
3.990, 0.5000, 99.9510
4.000, 0.5000, -99.9686
4.010, 0.5000, 99.9511
4.020, 0.5000, -99.9685
4.030, 0.5000, 99.9511
4.040, 0.5000, -99.9688
4.050, 0.5000, 99.9510
4.060, 0.5000, -99.9687
4.070, 0.5000, 99.9508
4.080, 0.5000, -99.9688
4.090, 0.5000, 99.9507
4.100, 0.5000, -99.9687
4.110, 0.5000, 99.9506
4.120, 0.5000, -99.9684
4.130, 0.5000, 99.9505
4.140, 0.5000, -99.9683
4.150, 0.5000, 99.9505
4.160, 0.5000, -99.9682
4.170, 0.5000, 99.9504
4.180, 0.5000, -99.9682
4.190, 0.5000, 99.9505
4.200, 0.5000, -99.9682
4.210, 0.5000, 99.9505
4.220, 0.5000, -99.9681
4.230, 0.5000, 99.9506
4.240, 0.5000, -99.9683
4.250, 0.5000, 99.9507
4.260, 0.5000, -99.9682
4.270, 0.5000, 99.9508
4.280, 0.5000, -99.9683
4.290, 0.5000, 99.9508
4.300, 0.5000, -99.9682
4.310, 0.5000, 99.9509
4.320, 0.5000, -99.9682
4.330, 0.5000, 99.9509
4.340, 0.5000, -99.9680
4.350, 0.5000, 99.9509
4.360, 0.5000, -99.9683
4.370, 0.5000, 99.9509
4.380, 0.5000, -99.9683
4.390, 0.5000, 99.9509
4.400, 0.5000, -99.9683
4.410, 0.5000, 99.9509
4.420, 0.5000, -99.9684
4.430, 0.5000, 99.9510
4.440, 0.5000, -99.9681
4.450, 0.5000, 99.9510
4.460, 0.5000, -99.9685
4.470, 0.5000, 99.9510
4.480, 0.5000, -99.9692
4.490, 0.5000, 99.9510
4.500, 0.5000, -99.9687
4.510, 0.5000, 99.9511
4.520, 0.5000, -99.9686
4.530, 0.5000, 99.9512
4.540, 0.5000, -99.9691
4.550, 0.5000, 99.9512
4.560, 0.5000, -99.9686
4.570, 0.5000, 99.9513
4.580, 0.5000, -99.9686
4.590, 0.5000, 99.9513
4.600, 0.5000, -99.9686
4.610, 0.5000, 99.9513
4.620, 0.5000, -99.9684
4.630, 0.5000, 99.9514
4.640, 0.5000, -99.9685
4.650, 0.5000, 99.9515
4.660, 0.5000, -99.9687
4.670, 0.5000, 99.9514
4.680, 0.5000, -99.9692
4.690, 0.5000, 99.9514
4.700, 0.5000, -99.9691
4.710, 0.5000, 99.9516
4.720, 0.5000, -99.9688
4.730, 0.5000, 99.9517
4.740, 0.5000, -99.9689
4.750, 0.5000, 99.9518
4.760, 0.5000, -99.9690
4.770, 0.5000, 99.9520
4.780, 0.5000, -99.9696
4.790, 0.5000, 99.9521
4.800, 0.5000, -99.9699
4.810, 0.5000, 99.9521
4.820, 0.5000, -99.9699
4.830, 0.5000, 99.9522
4.840, 0.5000, -99.9696
4.850, 0.5000, 99.9522
4.860, 0.5000, -99.9696
4.870, 0.5000, 99.9522
4.880, 0.5000, -99.9698
4.890, 0.5000, 99.9523
4.900, 0.5000, -99.9697
4.910, 0.5000, 99.9524
4.920, 0.5000, -99.9697
4.930, 0.5000, 99.9525
4.940, 0.5000, -99.9700
4.950, 0.5000, 99.9527
4.960, 0.5000, -99.9708
4.970, 0.5000, 99.9528
4.980, 0.5000, -99.9704
4.990, 0.5000, 99.9529
5.000, 0.5000, -99.9706
5.010, 0.5000, 99.9531
5.020, 0.5000, -99.9710
5.030, 0.5000, 99.9531
5.040, 0.5000, -99.9714
5.050, 0.5000, 99.9531
5.060, 0.5000, -99.9716
5.070, 0.5000, 99.9530
5.080, 0.5000, -99.9714
5.090, 0.5000, 99.9530
5.100, 0.5000, -99.9713
5.110, 0.5000, 99.9530
5.120, 0.5000, -99.9713
5.130, 0.5000, 99.9530
5.140, 0.5000, -99.9722
5.150, 0.5000, 99.9528
5.160, 0.5000, -99.9720
5.170, 0.5000, 99.9529
5.180, 0.5000, -99.9716
5.190, 0.5000, 99.9530
5.200, 0.5000, -99.9708
5.210, 0.5000, 99.9531
5.220, 0.5000, -99.9714
5.230, 0.5000, 99.9533
5.240, 0.5000, -99.9715
5.250, 0.5000, 99.9534
5.260, 0.5000, -99.9717
5.270, 0.5000, 99.9535
5.280, 0.5000, -99.9718
5.290, 0.5000, 99.9536
5.300, 0.5000, -99.9722
5.310, 0.5000, 99.9537
5.320, 0.5000, -99.9722
5.330, 0.5000, 99.9538
5.340, 0.5000, -99.9724
5.350, 0.5000, 99.9540
5.360, 0.5000, -99.9719
5.370, 0.5000, 99.9541
5.380, 0.5000, -99.9720
5.390, 0.5000, 99.9542
5.400, 0.5000, -99.9719
5.410, 0.5000, 99.9543
5.420, 0.5000, -99.9719
5.430, 0.5000, 99.9545
5.440, 0.5000, -99.9716
5.450, 0.5000, 99.9548
5.460, 0.5000, -99.9718
5.470, 0.5000, 99.9548
5.480, 0.5000, -99.9721
5.490, 0.5000, 99.9549
5.500, 0.5000, -99.9721
5.510, 0.5000, 99.9550
5.520, 0.5000, -99.9723
5.530, 0.5000, 99.9550
5.540, 0.5000, -99.9723
5.550, 0.5000, 99.9551
5.560, 0.5000, -99.9721
5.570, 0.5000, 99.9548
5.580, 0.5000, -99.9719
5.590, 0.5000, 99.9548
5.600, 0.5000, -99.9719
5.610, 0.5000, 99.9548
5.620, 0.5000, -99.9722
5.630, 0.5000, 99.9548
5.640, 0.5000, -99.9722
5.650, 0.5000, 99.9548
5.660, 0.5000, -99.9722
5.670, 0.5000, 99.9548
5.680, 0.5000, -99.9721
5.690, 0.5000, 99.9549
5.700, 0.5000, -99.9724
5.710, 0.5000, 99.9549
5.720, 0.5000, -99.9726
5.730, 0.5000, 99.9549
5.740, 0.5000, -99.9727
5.750, 0.5000, 99.9549
5.760, 0.5000, -99.9725
5.770, 0.5000, 99.9549
5.780, 0.5000, -99.9732
5.790, 0.5000, 99.9550
5.800, 0.5000, -99.9729
5.810, 0.5000, 99.9550
5.820, 0.5000, -99.9729
5.830, 0.5000, 99.9550
5.840, 0.5000, -99.9726
5.850, 0.5000, 99.9550
5.860, 0.5000, -99.9729
5.870, 0.5000, 99.9552
5.880, 0.5000, -99.9729
5.890, 0.5000, 99.9553
5.900, 0.5000, -99.9729
5.910, 0.5000, 99.9554
5.920, 0.5000, -99.9733
5.930, 0.5000, 99.9556
5.940, 0.5000, -99.9733
5.950, 0.5000, 99.9557
5.960, 0.5000, -99.9734
5.970, 0.5000, 99.9558
5.980, 0.5000, -99.9735
5.990, 0.5000, 99.9560
6.000, 0.5000, -99.9734
6.010, 0.5000, 99.9560
6.020, 0.5000, -99.9733
6.030, 0.5000, 99.9561
6.040, 0.5000, -99.9736
6.050, 0.5000, 99.9561
6.060, 0.5000, -99.9732
6.070, 0.5000, 99.9560
6.080, 0.5000, -99.9732
6.090, 0.5000, 99.9560
6.100, 0.5000, -99.9733
6.110, 0.5000, 99.9561
6.120, 0.5000, -99.9735
6.130, 0.5000, 99.9561
6.140, 0.5000, -99.9735
6.150, 0.5000, 99.9561
6.160, 0.5000, -99.9734
6.170, 0.5000, 99.9561
6.180, 0.5000, -99.9735
6.190, 0.5000, 99.9561
6.200, 0.5000, -99.9738
6.210, 0.5000, 99.9561
6.220, 0.5000, -99.9740
6.230, 0.5000, 99.9560
6.240, 0.5000, -99.9737
6.250, 0.5000, 99.9560
6.260, 0.5000, -99.9739
6.270, 0.5000, 99.9560
6.280, 0.5000, -99.9737
6.290, 0.5000, 99.9560
6.300, 0.5000, -99.9736
6.310, 0.5000, 99.9561
6.320, 0.5000, -99.9739
6.330, 0.5000, 99.9561
6.340, 0.5000, -99.9737
6.350, 0.5000, 99.9562
6.360, 0.5000, -99.9738
6.370, 0.5000, 99.9564
6.380, 0.5000, -99.9739
6.390, 0.5000, 99.9565
6.400, 0.5000, -99.9739
6.410, 0.5000, 99.9566
6.420, 0.5000, -99.9744
6.430, 0.5000, 99.9567
6.440, 0.5000, -99.9742
6.450, 0.5000, 99.9568
6.460, 0.5000, -99.9741
6.470, 0.5000, 99.9569
6.480, 0.5000, -99.9741
6.490, 0.5000, 99.9568
6.500, 0.5000, -99.9741
6.510, 0.5000, 99.9569
6.520, 0.5000, -99.9744
6.530, 0.5000, 99.9568
6.540, 0.5000, -99.9744
6.550, 0.5000, 99.9568
6.560, 0.5000, -99.9748
6.570, 0.5000, 99.9568
6.580, 0.5000, -99.9746
6.590, 0.5000, 99.9569
6.600, 0.5000, -99.9745
6.610, 0.5000, 99.9570
6.620, 0.5000, -99.9746
6.630, 0.5000, 99.9570
6.640, 0.5000, -99.9747
6.650, 0.5000, 99.9572
6.660, 0.5000, -99.9747
6.670, 0.5000, 99.9573
6.680, 0.5000, -99.9748
6.690, 0.5000, 99.9573
6.700, 0.5000, -99.9749
6.710, 0.5000, 99.9574
6.720, 0.5000, -99.9747
6.730, 0.5000, 99.9575
6.740, 0.5000, -99.9749
6.750, 0.5000, 99.9575
6.760, 0.5000, -99.9748
6.770, 0.5000, 99.9576
6.780, 0.5000, -99.9750
6.790, 0.5000, 99.9577
6.800, 0.5000, -99.9750
6.810, 0.5000, 99.9578
6.820, 0.5000, -99.9747
6.830, 0.5000, 99.9579
6.840, 0.5000, -99.9752
6.850, 0.5000, 99.9580
6.860, 0.5000, -99.9751
6.870, 0.5000, 99.9581
6.880, 0.5000, -99.9750
6.890, 0.5000, 99.9582
6.900, 0.5000, -99.9753
6.910, 0.5000, 99.9583
6.920, 0.5000, -99.9753
6.930, 0.5000, 99.9585
6.940, 0.5000, -99.9753
6.950, 0.5000, 99.9585
6.960, 0.5000, -99.9755
6.970, 0.5000, 99.9585
6.980, 0.5000, -99.9757
6.990, 0.5000, 99.9584
7.000, 0.5000, -99.9756
7.010, 0.5000, 99.9582
7.020, 0.5000, -99.9754
7.030, 0.5000, 99.9582
7.040, 0.5000, -99.9755
7.050, 0.5000, 99.9581
7.060, 0.5000, -99.9756
7.070, 0.5000, 99.9581
7.080, 0.5000, -99.9759
7.090, 0.5000, 99.9580
7.100, 0.5000, -99.9757
7.110, 0.5000, 99.9580
7.120, 0.5000, -99.9761
7.130, 0.5000, 99.9580
7.140, 0.5000, -99.9761
7.150, 0.5000, 99.9580
7.160, 0.5000, -99.9758
7.170, 0.5000, 99.9582
7.180, 0.5000, -99.9761
7.190, 0.5000, 99.9583
7.200, 0.5000, -99.9763
7.210, 0.5000, 99.9584
7.220, 0.5000, -99.9764
7.230, 0.5000, 99.9586
7.240, 0.5000, -99.9766
7.250, 0.5000, 99.9588
7.260, 0.5000, -99.9766
7.270, 0.5000, 99.9590
7.280, 0.5000, -99.9762
7.290, 0.5000, 99.9592
7.300, 0.5000, -99.9761
7.310, 0.5000, 99.9595
7.320, 0.5000, -99.9767
7.330, 0.5000, 99.9596
7.340, 0.5000, -99.9765
7.350, 0.5000, 99.9598
7.360, 0.5000, -99.9763
7.370, 0.5000, 99.9600
7.380, 0.5000, -99.9762
7.390, 0.5000, 99.9603
7.400, 0.5000, -99.9766
7.410, 0.5000, 99.9605
7.420, 0.5000, -99.9765
7.430, 0.5000, 99.9606
7.440, 0.5000, -99.9770
7.450, 0.5000, 99.9607
7.460, 0.5000, -99.9769
7.470, 0.5000, 99.9607
7.480, 0.5000, -99.9771
7.490, 0.5000, 99.9607
7.500, 0.5000, -99.9770
7.510, 0.5000, 99.9608
7.520, 0.5000, -99.9776
7.530, 0.5000, 99.9608
7.540, 0.5000, -99.9775
7.550, 0.5000, 99.9608
7.560, 0.5000, -99.9779
7.570, 0.5000, 99.9609
7.580, 0.5000, -99.9775
7.590, 0.5000, 99.9609
7.600, 0.5000, -99.9780
7.610, 0.5000, 99.9608
7.620, 0.5000, -99.9778
7.630, 0.5000, 99.9608
7.640, 0.5000, -99.9777
7.650, 0.5000, 99.9608
7.660, 0.5000, -99.9777
7.670, 0.5000, 99.9608
7.680, 0.5000, -99.9777
7.690, 0.5000, 99.9609
7.700, 0.5000, -99.9783
7.710, 0.5000, 99.9610
7.720, 0.5000, -99.9783
7.730, 0.5000, 99.9611
7.740, 0.5000, -99.9780
7.750, 0.5000, 99.9612
7.760, 0.5000, -99.9776
7.770, 0.5000, 99.9614
7.780, 0.5000, -99.9775
7.790, 0.5000, 99.9616
7.800, 0.5000, -99.9782
7.810, 0.5000, 99.9617
7.820, 0.5000, -99.9780
7.830, 0.5000, 99.9618
7.840, 0.5000, -99.9781
7.850, 0.5000, 99.9620
7.860, 0.5000, -99.9783
7.870, 0.5000, 99.9622
7.880, 0.5000, -99.9791
7.890, 0.5000, 99.9623
7.900, 0.5000, -99.9786
7.910, 0.5000, 99.9624
7.920, 0.5000, -99.9795
7.930, 0.5000, 99.9624
7.940, 0.5000, -99.9791
7.950, 0.5000, 99.9626
7.960, 0.5000, -99.9795
7.970, 0.5000, 99.9626
7.980, 0.5000, -99.9797
7.990, 0.5000, 99.9626
8.000, 0.5000, -99.9792
8.010, 0.5000, 99.9627
8.020, 0.5000, -99.9794
8.030, 0.5000, 99.9628
8.040, 0.5000, -99.9795
8.050, 0.5000, 99.9629
8.060, 0.5000, -99.9797
8.070, 0.5000, 99.9630
8.080, 0.5000, -99.9798
8.090, 0.5000, 99.9631
8.100, 0.5000, -99.9798
8.110, 0.5000, 99.9631
8.120, 0.5000, -99.9801
8.130, 0.5000, 99.9632
8.140, 0.5000, -99.9800
8.150, 0.5000, 99.9633
8.160, 0.5000, -99.9801
8.170, 0.5000, 99.9633
8.180, 0.5000, -99.9802
8.190, 0.5000, 99.9634
8.200, 0.5000, -99.9802
8.210, 0.5000, 99.9635
8.220, 0.5000, -99.9801
8.230, 0.5000, 99.9636
8.240, 0.5000, -99.9805
8.250, 0.5000, 99.9637
8.260, 0.5000, -99.9806
8.270, 0.5000, 99.9639
8.280, 0.5000, -99.9807
8.290, 0.5000, 99.9640
8.300, 0.5000, -99.9807
8.310, 0.5000, 99.9641
8.320, 0.5000, -99.9807
8.330, 0.5000, 99.9642
8.340, 0.5000, -99.9808
8.350, 0.5000, 99.9643
8.360, 0.5000, -99.9809
8.370, 0.5000, 99.9645
8.380, 0.5000, -99.9810
8.390, 0.5000, 99.9647
8.400, 0.5000, -99.9811
8.410, 0.5000, 99.9648
8.420, 0.5000, -99.9812
8.430, 0.5000, 99.9649
8.440, 0.5000, -99.9812
8.450, 0.5000, 99.9650
8.460, 0.5000, -99.9812
8.470, 0.5000, 99.9650
8.480, 0.5000, -99.9812
8.490, 0.5000, 99.9652
8.500, 0.5000, -99.9813
8.510, 0.5000, 99.9653
8.520, 0.5000, -99.9813
8.530, 0.5000, 99.9654
8.540, 0.5000, -99.9815
8.550, 0.5000, 99.9655
8.560, 0.5000, -99.9815
8.570, 0.5000, 99.9656
8.580, 0.5000, -99.9818
8.590, 0.5000, 99.9657
8.600, 0.5000, -99.9819
8.610, 0.5000, 99.9658
8.620, 0.5000, -99.9819
8.630, 0.5000, 99.9658
8.640, 0.5000, -99.9821
8.650, 0.5000, 99.9659
8.660, 0.5000, -99.9820
8.670, 0.5000, 99.9661
8.680, 0.5000, -99.9822
8.690, 0.5000, 99.9663
8.700, 0.5000, -99.9822
8.710, 0.5000, 99.9664
8.720, 0.5000, -99.9823
8.730, 0.5000, 99.9665
8.740, 0.5000, -99.9823
8.750, 0.5000, 99.9666
8.760, 0.5000, -99.9822
8.770, 0.5000, 99.9668
8.780, 0.5000, -99.9825
8.790, 0.5000, 99.9670
8.800, 0.5000, -99.9824
8.810, 0.5000, 99.9672
8.820, 0.5000, -99.9824
8.830, 0.5000, 99.9673
8.840, 0.5000, -99.9825
8.850, 0.5000, 99.9675
8.860, 0.5000, -99.9827
8.870, 0.5000, 99.9676
8.880, 0.5000, -99.9826
8.890, 0.5000, 99.9677
8.900, 0.5000, -99.9825
8.910, 0.5000, 99.9678
8.920, 0.5000, -99.9827
8.930, 0.5000, 99.9679
8.940, 0.5000, -99.9828
8.950, 0.5000, 99.9680
8.960, 0.5000, -99.9828
8.970, 0.5000, 99.9681
8.980, 0.5000, -99.9833
8.990, 0.5000, 99.9681
9.000, 0.5000, -99.9832
9.010, 0.5000, 99.9683
9.020, 0.5000, -99.9834
9.030, 0.5000, 99.9685
9.040, 0.5000, -99.9835
9.050, 0.5000, 99.9685
9.060, 0.5000, -99.9840
9.070, 0.5000, 99.9687
9.080, 0.5000, -99.9841
9.090, 0.5000, 99.9688
9.100, 0.5000, -99.9840
9.110, 0.5000, 99.9690
9.120, 0.5000, -99.9843
9.130, 0.5000, 99.9690
9.140, 0.5000, -99.9844
9.150, 0.5000, 99.9693
9.160, 0.5000, -99.9849
9.170, 0.5000, 99.9693
9.180, 0.5000, -99.9848
9.190, 0.5000, 99.9695
9.200, 0.5000, -99.9849
9.210, 0.5000, 99.9697
9.220, 0.5000, -99.9852
9.230, 0.5000, 99.9698
9.240, 0.5000, -99.9855
9.250, 0.5000, 99.9699
9.260, 0.5000, -99.9855
9.270, 0.5000, 99.9701
9.280, 0.5000, -99.9857
9.290, 0.5000, 99.9702
9.300, 0.5000, -99.9858
9.310, 0.5000, 99.9704
9.320, 0.5000, -99.9859
9.330, 0.5000, 99.9705
9.340, 0.5000, -99.9860
9.350, 0.5000, 99.9706
9.360, 0.5000, -99.9861
9.370, 0.5000, 99.9707
9.380, 0.5000, -99.9860
9.390, 0.5000, 99.9709
9.400, 0.5000, -99.9860
9.410, 0.5000, 99.9710
9.420, 0.5000, -99.9862
9.430, 0.5000, 99.9710
9.440, 0.5000, -99.9861
9.450, 0.5000, 99.9712
9.460, 0.5000, -99.9861
9.470, 0.5000, 99.9712
9.480, 0.5000, -99.9862
9.490, 0.5000, 99.9713
9.500, 0.5000, -99.9862
9.510, 0.5000, 99.9714
9.520, 0.5000, -99.9863
9.530, 0.5000, 99.9715
9.540, 0.5000, -99.9864
9.550, 0.5000, 99.9716
9.560, 0.5000, -99.9865
9.570, 0.5000, 99.9718
9.580, 0.5000, -99.9865
9.590, 0.5000, 99.9719
9.600, 0.5000, -99.9866
9.610, 0.5000, 99.9720
9.620, 0.5000, -99.9867
9.630, 0.5000, 99.9720
9.640, 0.5000, -99.9867
9.650, 0.5000, 99.9721
9.660, 0.5000, -99.9869
9.670, 0.5000, 99.9722
9.680, 0.5000, -99.9870
9.690, 0.5000, 99.9724
9.700, 0.5000, -99.9871
9.710, 0.5000, 99.9725
9.720, 0.5000, -99.9871
9.730, 0.5000, 99.9727
9.740, 0.5000, -99.9871
9.750, 0.5000, 99.9729
9.760, 0.5000, -99.9872
9.770, 0.5000, 99.9730
9.780, 0.5000, -99.9873
9.790, 0.5000, 99.9731
9.800, 0.5000, -99.9873
9.810, 0.5000, 99.9732
9.820, 0.5000, -99.9874
9.830, 0.5000, 99.9733
9.840, 0.5000, -99.9873
9.850, 0.5000, 99.9734
9.860, 0.5000, -99.9873
9.870, 0.5000, 99.9736
9.880, 0.5000, -99.9876
9.890, 0.5000, 99.9737
9.900, 0.5000, -99.9876
9.910, 0.5000, 99.9738
9.920, 0.5000, -99.9878
9.930, 0.5000, 99.9739
9.940, 0.5000, -99.9879
9.950, 0.5000, 99.9741
9.960, 0.5000, -99.9881
9.970, 0.5000, 99.9742
9.980, 0.5000, -99.9881
9.990, 0.5000, 99.9742
10.000, 0.5000, -99.9884
10.010, 0.5000, 99.9744
10.020, 0.5000, -99.9886
10.030, 0.5000, 99.9745
10.040, 0.5000, -99.9887
10.050, 0.5000, 99.9747
10.060, 0.5000, -99.9892
10.070, 0.5000, 99.9748
10.080, 0.5000, -99.9893
10.090, 0.5000, 99.9748
10.100, 0.5000, -99.9894
10.110, 0.5000, 99.9749
10.120, 0.5000, -99.9894
10.130, 0.5000, 99.9750
10.140, 0.5000, -99.9894
10.150, 0.5000, 99.9750
10.160, 0.5000, -99.9895
10.170, 0.5000, 99.9751
10.180, 0.5000, -99.9895
10.190, 0.5000, 99.9753
10.200, 0.5000, -99.9896
10.210, 0.5000, 99.9754
10.220, 0.5000, -99.9896
10.230, 0.5000, 99.9755
10.240, 0.5000, -99.9898
10.250, 0.5000, 99.9757
10.260, 0.5000, -99.9899
10.270, 0.5000, 99.9758
10.280, 0.5000, -99.9899
10.290, 0.5000, 99.9758
10.300, 0.5000, -99.9898
10.310, 0.5000, 99.9760
10.320, 0.5000, -99.9899
10.330, 0.5000, 99.9760
10.340, 0.5000, -99.9899
10.350, 0.5000, 99.9762
10.360, 0.5000, -99.9899
10.370, 0.5000, 99.9763
10.380, 0.5000, -99.9900
10.390, 0.5000, 99.9763
10.400, 0.5000, -99.9901
10.410, 0.5000, 99.9764
10.420, 0.5000, -99.9902
10.430, 0.5000, 99.9765
10.440, 0.5000, -99.9903
10.450, 0.5000, 99.9766
10.460, 0.5000, -99.9904
10.470, 0.5000, 99.9767
10.480, 0.5000, -99.9905
10.490, 0.5000, 99.9768
10.500, 0.5000, -99.9905
10.510, 0.5000, 99.9769
10.520, 0.5000, -99.9906
10.530, 0.5000, 99.9770
10.540, 0.5000, -99.9907
10.550, 0.5000, 99.9771
10.560, 0.5000, -99.9909
10.570, 0.5000, 99.9772
10.580, 0.5000, -99.9909
10.590, 0.5000, 99.9772
10.600, 0.5000, -99.9910
10.610, 0.5000, 99.9773
10.620, 0.5000, -99.9911
10.630, 0.5000, 99.9774
10.640, 0.5000, -99.9913
10.650, 0.5000, 99.9774
10.660, 0.5000, -99.9917
10.670, 0.5000, 99.9775
10.680, 0.5000, -99.9915
10.690, 0.5000, 99.9777
10.700, 0.5000, -99.9916
10.710, 0.5000, 99.9778
10.720, 0.5000, -99.9917
10.730, 0.5000, 99.9780
10.740, 0.5000, -99.9918
10.750, 0.5000, 99.9781
10.760, 0.5000, -99.9919
10.770, 0.5000, 99.9782
10.780, 0.5000, -99.9919
10.790, 0.5000, 99.9783
10.800, 0.5000, -99.9919
10.810, 0.5000, 99.9784
10.820, 0.5000, -99.9920
10.830, 0.5000, 99.9785
10.840, 0.5000, -99.9920
10.850, 0.5000, 99.9785
10.860, 0.5000, -99.9921
10.870, 0.5000, 99.9786
10.880, 0.5000, -99.9922
10.890, 0.5000, 99.9787
10.900, 0.5000, -99.9923
10.910, 0.5000, 99.9788
10.920, 0.5000, -99.9923
10.930, 0.5000, 99.9788
10.940, 0.5000, -99.9924
10.950, 0.5000, 99.9789
10.960, 0.5000, -99.9924
10.970, 0.5000, 99.9789
10.980, 0.5000, -99.9925
10.990, 0.5000, 99.9790
11.000, 0.5000, -99.9925
11.010, 0.5000, 99.9791
11.020, 0.5000, -99.9925
11.030, 0.5000, 99.9792
11.040, 0.5000, -99.9926
11.050, 0.5000, 99.9792
11.060, 0.5000, -99.9927
11.070, 0.5000, 99.9793
11.080, 0.5000, -99.9927
11.090, 0.5000, 99.9793
11.100, 0.5000, -99.9927
11.110, 0.5000, 99.9794
11.120, 0.5000, -99.9928
11.130, 0.5000, 99.9794
11.140, 0.5000, -99.9929
11.150, 0.5000, 99.9794
11.160, 0.5000, -99.9929
11.170, 0.5000, 99.9795
11.180, 0.5000, -99.9930
11.190, 0.5000, 99.9796
11.200, 0.5000, -99.9931
11.210, 0.5000, 99.9797
11.220, 0.5000, -99.9931
11.230, 0.5000, 99.9798
11.240, 0.5000, -99.9931
11.250, 0.5000, 99.9799
11.260, 0.5000, -99.9931
11.270, 0.5000, 99.9800
11.280, 0.5000, -99.9933
11.290, 0.5000, 99.9800
11.300, 0.5000, -99.9934
11.310, 0.5000, 99.9801
11.320, 0.5000, -99.9935
11.330, 0.5000, 99.9802
11.340, 0.5000, -99.9935
11.350, 0.5000, 99.9802
11.360, 0.5000, -99.9936
11.370, 0.5000, 99.9803
11.380, 0.5000, -99.9937
11.390, 0.5000, 99.9805
11.400, 0.5000, -99.9939
11.410, 0.5000, 99.9806
11.420, 0.5000, -99.9938
11.430, 0.5000, 99.9807
11.440, 0.5000, -99.9939
11.450, 0.5000, 99.9808
11.460, 0.5000, -99.9939
11.470, 0.5000, 99.9808
11.480, 0.5000, -99.9941
11.490, 0.5000, 99.9809
11.500, 0.5000, -99.9942
11.510, 0.5000, 99.9809
11.520, 0.5000, -99.9943
11.530, 0.5000, 99.9810
11.540, 0.5000, -99.9943
11.550, 0.5000, 99.9810
11.560, 0.5000, -99.9944
11.570, 0.5000, 99.9811
11.580, 0.5000, -99.9945
11.590, 0.5000, 99.9811
11.600, 0.5000, -99.9945
11.610, 0.5000, 99.9812
11.620, 0.5000, -99.9946
11.630, 0.5000, 99.9812
11.640, 0.5000, -99.9945
11.650, 0.5000, 99.9813
11.660, 0.5000, -99.9945
11.670, 0.5000, 99.9813
11.680, 0.5000, -99.9945
11.690, 0.5000, 99.9814
11.700, 0.5000, -99.9945
11.710, 0.5000, 99.9814
11.720, 0.5000, -99.9946
11.730, 0.5000, 99.9814
11.740, 0.5000, -99.9946
11.750, 0.5000, 99.9815
11.760, 0.5000, -99.9947
11.770, 0.5000, 99.9816
11.780, 0.5000, -99.9948
11.790, 0.5000, 99.9817
11.800, 0.5000, -99.9947
11.810, 0.5000, 99.9817
11.820, 0.5000, -99.9948
11.830, 0.5000, 99.9818
11.840, 0.5000, -99.9949
11.850, 0.5000, 99.9818
11.860, 0.5000, -99.9949
11.870, 0.5000, 99.9819
11.880, 0.5000, -99.9950
11.890, 0.5000, 99.9820
11.900, 0.5000, -99.9950
11.910, 0.5000, 99.9820
11.920, 0.5000, -99.9952
11.930, 0.5000, 99.9821
11.940, 0.5000, -99.9952
11.950, 0.5000, 99.9822
11.960, 0.5000, -99.9952
11.970, 0.5000, 99.9822
11.980, 0.5000, -99.9954
11.990, 0.5000, 99.9822
12.000, 0.5000, -99.9953
12.010, 0.5000, 99.9823
12.020, 0.5000, -99.9955
12.030, 0.5000, 99.9823
12.040, 0.5000, -99.9955
12.050, 0.5000, 99.9824
12.060, 0.5000, -99.9956
12.070, 0.5000, 99.9824
12.080, 0.5000, -99.9956
12.090, 0.5000, 99.9825
12.100, 0.5000, -99.9957
12.110, 0.5000, 99.9826
12.120, 0.5000, -99.9957
12.130, 0.5000, 99.9826
12.140, 0.5000, -99.9958
12.150, 0.5000, 99.9827
12.160, 0.5000, -99.9958
12.170, 0.5000, 99.9828
12.180, 0.5000, -99.9958
12.190, 0.5000, 99.9828
12.200, 0.5000, -99.9959
12.210, 0.5000, 99.9829
12.220, 0.5000, -99.9959
12.230, 0.5000, 99.9829
12.240, 0.5000, -99.9959
12.250, 0.5000, 99.9830
12.260, 0.5000, -99.9959
12.270, 0.5000, 99.9830
12.280, 0.5000, -99.9959
12.290, 0.5000, 99.9831
12.300, 0.5000, -99.9959
12.310, 0.5000, 99.9831
12.320, 0.5000, -99.9959
12.330, 0.5000, 99.9831
12.340, 0.5000, -99.9960
12.350, 0.5000, 99.9832
12.360, 0.5000, -99.9960
12.370, 0.5000, 99.9832
12.380, 0.5000, -99.9961
12.390, 0.5000, 99.9833
12.400, 0.5000, -99.9961
12.410, 0.5000, 99.9833
12.420, 0.5000, -99.9962
12.430, 0.5000, 99.9833
12.440, 0.5000, -99.9962
12.450, 0.5000, 99.9834
12.460, 0.5000, -99.9962
12.470, 0.5000, 99.9834
12.480, 0.5000, -99.9963
12.490, 0.5000, 99.9834
12.500, 0.5000, -99.9963
12.510, 0.5000, 99.9835
12.520, 0.5000, -99.9963
12.530, 0.5000, 99.9835
12.540, 0.5000, -99.9964
12.550, 0.5000, 99.9835
12.560, 0.5000, -99.9964
12.570, 0.5000, 99.9836
12.580, 0.5000, -99.9965
12.590, 0.5000, 99.9836
12.600, 0.5000, -99.9966
12.610, 0.5000, 99.9837
12.620, 0.5000, -99.9966
12.630, 0.5000, 99.9838
12.640, 0.5000, -99.9966
12.650, 0.5000, 99.9839
12.660, 0.5000, -99.9967
12.670, 0.5000, 99.9839
12.680, 0.5000, -99.9968
12.690, 0.5000, 99.9840
12.700, 0.5000, -99.9967
12.710, 0.5000, 99.9840
12.720, 0.5000, -99.9968
12.730, 0.5000, 99.9841
12.740, 0.5000, -99.9968
12.750, 0.5000, 99.9841
12.760, 0.5000, -99.9968
12.770, 0.5000, 99.9842
12.780, 0.5000, -99.9969
12.790, 0.5000, 99.9842
12.800, 0.5000, -99.9969
12.810, 0.5000, 99.9842
12.820, 0.5000, -99.9969
12.830, 0.5000, 99.9843
12.840, 0.5000, -99.9970
12.850, 0.5000, 99.9843
12.860, 0.5000, -99.9970
12.870, 0.5000, 99.9844
12.880, 0.5000, -99.9970
12.890, 0.5000, 99.9844
12.900, 0.5000, -99.9971
12.910, 0.5000, 99.9844
12.920, 0.5000, -99.9971
12.930, 0.5000, 99.9845
12.940, 0.5000, -99.9971
12.950, 0.5000, 99.9845
12.960, 0.5000, -99.9972
12.970, 0.5000, 99.9845
12.980, 0.5000, -99.9972
12.990, 0.5000, 99.9846
13.000, 0.5000, -99.9972
13.010, 0.5000, 99.9846
13.020, 0.5000, -99.9973
13.030, 0.5000, 99.9846
13.040, 0.5000, -99.9973
13.050, 0.5000, 99.9847
13.060, 0.5000, -99.9973
13.070, 0.5000, 99.9847
13.080, 0.5000, -99.9973
13.090, 0.5000, 99.9847
13.100, 0.5000, -99.9975
13.110, 0.5000, 99.9848
13.120, 0.5000, -99.9974
13.130, 0.5000, 99.9848
13.140, 0.5000, -99.9975
13.150, 0.5000, 99.9849
13.160, 0.5000, -99.9976
13.170, 0.5000, 99.9849
13.180, 0.5000, -99.9975
13.190, 0.5000, 99.9850
13.200, 0.5000, -99.9976
13.210, 0.5000, 99.9850
13.220, 0.5000, -99.9977
13.230, 0.5000, 99.9851
13.240, 0.5000, -99.9977
13.250, 0.5000, 99.9851
13.260, 0.5000, -99.9977
13.270, 0.5000, 99.9851
13.280, 0.5000, -99.9977
13.290, 0.5000, 99.9852
13.300, 0.5000, -99.9978
13.310, 0.5000, 99.9852
13.320, 0.5000, -99.9978
13.330, 0.5000, 99.9852
13.340, 0.5000, -99.9978
13.350, 0.5000, 99.9853
13.360, 0.5000, -99.9978
13.370, 0.5000, 99.9853
13.380, 0.5000, -99.9979
13.390, 0.5000, 99.9853
13.400, 0.5000, -99.9979
13.410, 0.5000, 99.9854
13.420, 0.5000, -99.9979
13.430, 0.5000, 99.9854
13.440, 0.5000, -99.9979
13.450, 0.5000, 99.9855
13.460, 0.5000, -99.9980
13.470, 0.5000, 99.9855
13.480, 0.5000, -99.9980
13.490, 0.5000, 99.9855
13.500, 0.5000, -99.9981
13.510, 0.5000, 99.9855
13.520, 0.5000, -99.9981
13.530, 0.5000, 99.9856
13.540, 0.5000, -99.9981
13.550, 0.5000, 99.9856
13.560, 0.5000, -99.9981
13.570, 0.5000, 99.9856
13.580, 0.5000, -99.9982
13.590, 0.5000, 99.9857
13.600, 0.5000, -99.9983
13.610, 0.5000, 99.9857
13.620, 0.5000, -99.9983
13.630, 0.5000, 99.9858
13.640, 0.5000, -99.9983
13.650, 0.5000, 99.9858
13.660, 0.5000, -99.9983
13.670, 0.5000, 99.9858
13.680, 0.5000, -99.9984
13.690, 0.5000, 99.9859
13.700, 0.5000, -99.9984
13.710, 0.5000, 99.9859
13.720, 0.5000, -99.9984
13.730, 0.5000, 99.9860
13.740, 0.5000, -99.9984
13.750, 0.5000, 99.9860
13.760, 0.5000, -99.9985
13.770, 0.5000, 99.9860
13.780, 0.5000, -99.9985
13.790, 0.5000, 99.9860
13.800, 0.5000, -99.9985
