1.00.50.33333333333333330.250.20.166666666666666660.142857142857142850.1250.11111111111111110.10.090909090909090910.083333333333333330.076923076923076930.071428571428571420.066666666666666670.06250.0588235294117647050.055555555555555550.052631578947368420.050.0476190476190476160.0454545454545454560.0434782608695652160.0416666666666666640.040.0384615384615384640.0370370370370370350.035714285714285710.0344827586206896550.033333333333333330.032258064516129030.031250.0303030303030303040.0294117647058823530.028571428571428570.0277777777777777760.027027027027027030.026315789473684210.025641025641025640.0250.0243902439024390250.0238095238095238080.0232558139534883720.0227272727272727280.0222222222222222230.0217391304347826080.021276595744680850.0208333333333333320.020408163265306120.020.01960784313725490.0192307692307692320.0188679245283018860.0185185185185185170.018181818181818180.0178571428571428560.0175438596491228060.0172413793103448270.016949152542372880.0166666666666666660.016393442622950820.0161290322580645160.0158730158730158720.0156250.0153846153846153850.0151515151515151520.0149253731343283580.0147058823529411760.0144927536231884060.0142857142857142850.0140845070422535210.0138888888888888880.01369863013698630.0135135135135135140.0133333333333333340.0131578947368421050.0129870129870129880.012820512820512820.0126582278481012660.01250.0123456790123456780.0121951219512195130.0120481927710843380.0119047619047619040.0117647058823529410.0116279069767441860.0114942528735632180.0113636363636363640.0112359550561797750.0111111111111111120.010989010989010990.0108695652173913040.0107526881720430120.0106382978723404250.0105263157894736840.0104166666666666660.0103092783505154640.010204081632653060.0101010101010101020.011,
2,
3,
4,
5,
6,
7,
8,
9,
10,
11,
12,
13,
14,
15,
16,
17,
18,
19,
20,
21,
22,
23,
24,
25,
26,
27,
28,
29,
30,
31,
32,
33,
34,
35,
36,
37,
38,
39,
40,
41,
42,
43,
44,
45,
46,
47,
48,
49,
50,
51,
52,
53,
54,
55,
56,
57,
58,
59,
60,
61,
62,
63,
64,
65,
66,
67,
68,
69,
70,
71,
72,
73,
74,
75,
76,
77,
78,
79,
80,
81,
82,
83,
84,
85,
86,
87,
88,
89,
90,
91,
92,
93,
94,
95,
96,
97,
98,
99,
100,
